1 1
2 2
3 3
4 4
5 5
6 6
7 7
8 8
9 9
10 10
11 11
12 12
13 12
13 13
14 11
14 14
15 10
15 15
16 9
16 16
17 8
17 17
18 7
18 18
19 6
19 19
20 5
20 20
21 4
21 21
22 3
22 22
23 2
23 23
24 1
24 24
25 25
26 1
26 24
26 26
27 2
27 23
27 27
28 3
28 22
28 28
29 4
29 21
29 29
30 5
30 20
30 30
31 6
31 19
31 31
32 7
32 18
32 32
33 8
33 17
33 33
34 9
34 16
34 34
35 10
35 15
35 35
36 11
36 14
36 36
37 12
37 13
37 37
38 12
38 38
39 11
39 39
40 10
40 40
41 9
41 41
42 8
42 42
43 7
43 43
44 6
44 44
45 5
45 45
46 4
46 46
47 3
47 47
48 2
48 48
49 1
49 49
50 50
51 1
51 49
52 2
52 48
53 3
53 47
54 4
54 46
55 5
55 45
56 6
56 44
57 7
57 43
58 8
58 42
59 9
59 41
60 10
60 40
61 11
61 39
62 12
62 38
63 12
63 13
63 37
64 11
64 14
64 36
65 10
65 15
65 35
66 9
66 16
66 34
67 8
67 17
67 33
68 7
68 18
68 32
69 6
69 19
69 31
70 5
70 20
70 30
71 4
71 21
71 29
72 3
72 22
72 28
73 2
73 23
73 27
74 1
74 24
74 26
75 25
76 1
76 24
77 2
77 23
78 3
78 22
79 4
79 21
80 5
80 20
81 6
81 19
82 7
82 18
83 8
83 17
84 9
84 16
85 10
85 15
86 11
86 14
87 12
87 13
88 12
89 11
90 10
91 9
92 8
93 7
94 6
95 5
96 4
97 3
98 2
99 1
